%YAML:1.0
---
calibration_time: "Wed 31 Oct 2018 07:32:02 AM UTC"
nframes: 21
image_width: 640
image_height: 480
board_width: 9
board_height: 6
square_size: 26.
aspectRatio: 1.
flags: 10
camera_matrix: !!opencv-matrix
   rows: 3
   cols: 3
   dt: d
   data: [ 2.9482783765726424e+02, 0., 3.1480862269626300e+02, 0.,
       2.9482783765726424e+02, 2.3886484081310755e+02, 0., 0., 1. ]
distortion_coefficients: !!opencv-matrix
   rows: 5
   cols: 1
   dt: d
   data: [ -2.7415242407561496e-01, 6.0732740115875483e-02, 0., 0.,
       -5.5934428233374665e-03 ]
avg_reprojection_error: 2.7362947065475804e+00
per_view_reprojection_errors: !!opencv-matrix
   rows: 21
   cols: 1
   dt: f
   data: [ 3.47986865e+00, 6.02717876e+00, 6.81824875e+00,
       2.88377047e+00, 1.54269207e+00, 1.77253067e+00, 1.47328925e+00,
       1.71781707e+00, 3.10221338e+00, 2.08165431e+00, 1.88563573e+00,
       2.02551055e+00, 1.38343370e+00, 1.34207928e+00, 1.92236829e+00,
       1.69818568e+00, 1.33702493e+00, 1.16109633e+00, 1.15008271e+00,
       1.82604980e+00, 1.90959787e+00 ]
extrinsic_parameters: !!opencv-matrix
   rows: 21
   cols: 6
   dt: d
   data: [ 2.3259138445699598e-01, 1.5081004132396278e+00,
       -3.2390998637085983e-01, 3.8998432829557117e+02,
       -3.0749049216052759e+02, 4.5283052151197671e+02,
       8.6633891384114411e-02, 2.0030677444758546e-01,
       8.6351590204604756e-02, -1.5909895773396266e+02,
       -3.9457389706634069e+02, 4.9205586992177456e+02,
       -5.9183469150210298e-02, 9.4052983211036256e-01,
       5.6422383713051816e-01, 4.2763764914803653e+02,
       -1.4117534817036469e+02, 4.6024343036356447e+02,
       4.3922850808168734e-01, 6.7906064192191029e-01,
       3.7889185028530037e-01, 2.2586656090786414e+02,
       -2.5671368162388546e+02, 4.3078584700077516e+02,
       -1.8454396121263508e+00, -2.9087277349280065e-02,
       -2.4941052276331743e+00, 1.2744569365454332e+02,
       5.0277515520143240e+01, 8.2074894431059278e+01,
       -1.8240850571395604e+00, -4.7846612846899297e-02,
       -2.5045456959279715e+00, 1.3692242339432326e+02,
       2.0372564954220657e+01, 8.8810888496404957e+01,
       -1.7296777162480734e+00, -9.4941753158545431e-02,
       -2.5273041306113666e+00, 1.1398332454659096e+02,
       6.1669975858546955e+01, 7.7749713126739607e+01,
       -3.5862415021420464e-02, 1.5710787204921967e-01,
       1.7812103740879945e-01, -1.4487164042472918e+02,
       -1.0098533124774883e+02, 1.7406630301148093e+02,
       7.6948366335019246e-03, 4.9944350199096821e-02,
       2.6104287341883226e-01, -6.3415824805816165e+01,
       -8.6105764036380108e+01, 1.2378673820128567e+02,
       7.0876052223820082e-02, 2.9771499865545777e-02,
       -3.2718244258620341e-02, -1.2742944988725240e+02,
       -7.6794395967565015e+00, 1.4579482421244987e+02,
       7.6391555565007513e-02, 5.8416522057742248e-01,
       -1.0926504562542053e-02, -5.2426195075639662e+01,
       -4.1688953447787306e+01, 2.1471613273006591e+02,
       8.2195319735366007e-02, 3.2918719459991225e-01,
       -2.3795139884524304e-02, -1.1347645734121136e+02,
       -3.7072063110798680e+01, 1.9437890014161184e+02,
       7.2065990593278728e-02, -4.0376276667524205e-02,
       -2.1124146956120794e-02, -1.8455412865145885e+02,
       -3.3931709943152782e+01, 1.3693942091596344e+02,
       7.1481374187788702e-02, -1.5107301581211666e-01,
       -1.2902022187437166e-02, -1.9671066150848458e+02,
       -3.3178772387784633e+01, 1.1630113679114014e+02,
       -2.9673250718092480e-02, 3.8834735126925424e-01,
       -7.4328773978100966e-03, -6.7387337029642751e+01,
       -1.2131027091911396e+02, 2.3627732261560462e+02,
       -4.5980119463883133e-02, 1.6671884815417506e-01,
       -6.0361870446725613e-02, -1.5219158074012353e+02,
       -1.1259481947615861e+02, 2.0724265414670521e+02,
       -6.2713577406712961e-02, -2.1506304220440869e-01,
       -7.3388864317323416e-02, -2.2054982059652630e+02,
       -1.0277698161211067e+02, 1.4033234021585119e+02,
       -4.5013800978704888e-02, -9.9027984655189416e-02,
       -1.6095867156785387e-02, -1.9493649288814524e+02,
       6.8624819566023705e+00, 1.6729178225188775e+02,
       -3.2842675732422236e-02, -2.4123980917905785e-01,
       -3.9762852944890882e-02, -2.1116870557632657e+02,
       1.2281358236126257e+01, 1.3189040924106348e+02,
       6.3047689190101619e-03, 2.9653758255322565e-01,
       -3.2758631403934632e-02, -1.1291170241624533e+02,
       6.5330707255620277e+00, 2.1755336947895779e+02,
       5.1674461700496027e-02, 6.9667236288930767e-01,
       -6.1053797301023734e-02, -2.9773328588326880e+01,
       -1.0135393120390763e+01, 2.3475828170483771e+02 ]
